191,1
191,321
191,3
0,364
0,389
191,0
0,9
0,310
0,305
0,373
0,337
0,308
0,304
0,303
0,302
0,307
0,359
0,12
0,435
0,10
0,8
0,0
0,416
0,300
0,451
0,299
0,330
0,298
0,438
0,297
0,421
0,296
0,405
0,295
0,454
0,294
0,314
0,293
0,424
0,292
0,445
0,291
0,404
0,290
0,420
0,289
0,481
0,288
0,402
0,287
0,401
0,286
0,348
0,285
0,492
0,284
0,478
0,283
0,390
0,282
0,365
0,281
0,437
0,280
0,467
0,279
0,497
0,278
0,477
0,277
0,423
0,276
0,419
0,275
0,495
0,274
0,434
0,273
0,493
0,272
0,491
0,271
0,433
0,270
0,398
0,269
0,450
0,268
0,309
0,267
0,306
0,266
0,414
0,265
0,264
0,489
0,263
0,449
0,262
0,346
0,261
0,367
0,260
0,313
0,259
0,494
0,258
0,480
0,257
0,371
0,256
0,397
0,255
0,366
0,254
0,469
0,253
0,470
0,252
0,396
0,251
0,431
0,250
0,422
0,249
0,490
0,248
0,488
0,247
0,462
0,246
0,429
0,245
0,471
0,244
0,335
0,242
0,474
0,241
0,444
0,240
0,443
0,239
0,484
0,238
0,476
0,237
0,382
0,236
0,412
0,235
0,475
0,234
0,233
0,460
0,232
0,448
0,231
0,473
0,230
0,504
0,229
0,466
0,228
0,487
0,227
0,427
0,226
0,312
0,225
0,452
0,224
0,319
0,223
0,464
0,222
0,461
0,221
0,220
0,465
0,219
0,496
0,218
0,318
0,217
0,459
0,216
0,486
0,215
0,394
0,214
0,387
0,213
0,386
0,212
0,333
0,211
0,468
0,210
0,360
0,209
0,458
0,208
0,393
0,207
0,472
0,206
0,205
0,338
0,204
0,410
0,203
0,425
0,202
0,385
0,201
0,457
0,200
0,370
0,199
0,506
0,198
0,456
0,197
0,485
0,196
0,417
0,195
0,384
0,194
0,455
0,193
0,453
0,192
0,311
0,63
0,498
0,62
0,301
0,61
0,510
0,60
0,463
0,59
0,328
0,58
0,442
0,57
0,441
0,56
