191,359
1,1
1,3
1,0
195,4
195,1
191,5
195,3
191,6
195,0
191,448
2,1
191,4
2,4
2,3
191,1
2,0
191,321
191,3
0,364
0,389
191,0
0,9
0,310
0,305
0,373
0,337
0,308
0,304
0,303
0,302
0,307
0,359
0,12
0,435
0,10
0,8
0,0
0,404
0,300
0,374
0,299
0,353
0,298
0,346
0,297
0,348
0,296
0,363
0,295
0,394
0,294
0,314
0,293
0,362
0,292
0,331
0,291
0,385
0,290
0,410
0,289
0,438
0,288
0,358
0,287
0,403
0,286
0,341
0,285
0,492
0,284
0,283
0,282
0,505
0,281
0,509
0,280
0,402
0,279
0,393
0,278
0,437
0,277
0,383
0,276
0,357
0,275
0,495
0,274
0,347
0,273
0,382
0,272
0,421
0,271
0,270
0,390
0,269
0,450
0,268
0,372
0,267
0,420
0,266
0,434
0,265
0,371
0,264
0,433
0,263
0,503
0,262
0,356
0,261
0,355
0,260
0,259
0,414
0,258
0,369
0,257
0,368
0,256
0,345
0,255
0,419
0,254
0,432
0,253
0,252
0,431
0,251
0,335
0,250
0,401
0,249
0,409
0,248
0,418
0,247
0,246
0,429
0,245
0,378
0,244
0,367
0,242
0,333
0,241
0,377
0,240
0,400
0,239
0,428
0,238
0,407
0,237
0,502
0,236
0,344
0,235
0,234
0,233
0,460
0,232
0,448
0,231
0,325
0,230
0,399
0,229
0,228
0,487
0,227
0,388
0,226
0,427
0,225
0,452
0,224
0,381
0,223
0,376
0,222
0,366
0,221
0,501
0,220
0,219
0,473
0,218
0,365
0,217
0,392
0,216
0,387
0,215
0,406
0,214
0,426
0,213
0,323
0,212
0,417
0,211
0,343
0,210
0,405
0,209
0,208
0,207
0,398
0,206
0,499
0,205
0,351
0,204
0,413
0,203
0,412
0,202
0,425
0,201
0,391
0,200
0,370
0,199
0,321
0,198
0,456
0,197
0,443
0,196
0,416
0,195
0,384
0,194
0,397
0,193
0,453
0,192
0,380
0,63
0,424
0,62
0,423
0,61
0,330
0,60
